〇attention無し、OCR第一候補のみで予測、９文字の中から中央１文字予測、embedding、eopchs100
acc: [0.8023097826086957, 0.8186141304347826, 0.8070652173913043, 0.7921195652173914, 0.7663043478260869, 0.6963315217391305, 0.8777173913043478, 0.8953804347826086, 0.8783967391304348, 0.8960597826086957]
0.8230298913043479

〇attention無し、OCR第一候補のみで予測、９文字の中から中央１文字予測、embedding、epochs200
acc: [0.8097826086956522, 0.8186141304347826, 0.8247282608695652, 0.8131793478260869, 0.765625, 0.7085597826086957, 0.8838315217391305, 0.8926630434782609, 0.8729619565217391, 0.8804347826086957]
loss: [0.7094649357588163, 0.7579633900629622, 0.6968106137854713, 0.6694246897740024, 0.6168885912790539, 0.5990528200442592, 0.7587876443352018, 0.7339673442588676, 0.7088603745436385, 0.7092521037374224]
0.8270380434782609


〇候補文字10個をDTHE->最終層で結合することでattention、OCR第一候補のみで予測、９文字の中から中央１文字予測、embedding、

acc: [0.84375, 0.8478260869565217, 0.8729619565217391, 0.8362771739130435, 0.7989130434782609, 0.7445652173913043, 0.9103260869565217, 0.9042119565217391, 0.8980978260869565, 0.9307065217391305]
acc average: 0.8587635869565219
loss: [0.6922536687643818, 0.6782827753063646, 0.6872518366646199, 0.7020963654033082, 0.5537482951424676, 0.5889966042150407, 0.7257733218637961, 0.7020435357446287, 0.708002065212488, 0.6890984803316574]
loss average: 0.6727546948648754


#候補文字10個をDTHE->最終層で結合することでattention、OCR第一候補のみで予測、7文字の中から中央１文字予測、embedding、
acc: [0.8396739130434783, 0.8491847826086957, 0.8627717391304348, 0.8396739130434783, 0.8029891304347826, 0.7452445652173914, 0.9137228260869565, 0.9157608695652174, 0.907608695652174, 0.9225543478260869]
acc average: 0.8599184782608695
loss: [0.6481297893239008, 0.6275264480492925, 0.6613322389694769, 0.6233917853089961, 0.5776198243646788, 0.5891225530554255, 0.661884907152853, 0.6450053365463516, 0.6922198578881632, 0.6859755882860294]
loss average: 0.6412208328945168


#候補文字10個をDTHE->最終層で結合することでattention、OCR第一候補のみで予測、5文字の中から中央１文字予測、embedding、
acc: [0.8403532608695652, 0.8464673913043478, 0.8722826086956522, 0.8349184782608695, 0.8016304347826086, 0.7425271739130435, 0.907608695652174, 0.9144021739130435, 0.9069293478260869, 0.9252717391304348]
acc average: 0.8592391304347826
loss: [0.5520216465518828, 0.5662709260156111, 0.5514009896721606, 0.5478646682067071, 0.5117948621415598, 0.49540992479650303, 0.6375988381924687, 0.5398065473707307, 0.5975937405089413, 0.6092814621668694]
loss average: 0.5609043605623435


#候補文字10個をDTHE->最終層で結合することでattention、OCR第一候補のみで予測、3文字の中から中央１文字予測、embedding、
acc: [0.8383152173913043, 0.8519021739130435, 0.8552989130434783, 0.8172554347826086, 0.7989130434782609, 0.7411684782608695, 0.8994565217391305, 0.9096467391304348, 0.9096467391304348, 0.9191576086956522]
acc average: 0.8540760869565217
loss: [0.4878764172663413, 0.45753403347279903, 0.521949276802253, 0.48709865943893055, 0.4509388056541736, 0.42713825329219085, 0.4903705650499481, 0.48834638059410307, 0.5450669192840004, 0.5835808900134101]
loss average: 0.49399002008681503


#候補文字10個をDTHE->最終層で結合することでattention、OCR第一候補のみで予測、5文字の中から中央１文字予測、embedding、 PreTraining
acc: [0.8586956521739131, 0.8620923913043478, 0.8600543478260869, 0.8505434782608695, 0.8158967391304348, 0.7676630434782609, 0.9286684782608695, 0.9368206521739131, 0.9123641304347826, 0.9463315217391305]
acc average: 0.8739130434782607
loss: [0.8519987581756796, 0.8167315122039142, 0.8060680861050766, 0.8052820963100905, 0.7622971655738869, 0.7230493362577273, 0.9124336359554558, 0.868573804511479, 0.8855145682026093, 0.9290397728173176]
loss average: 0.8360988736113237